-214.600 145.020 1.526 -381
-169.189 128.174 1.526 -381
-122.681 108.765 1.526 -381
-72.144 86.060 1.526 -381
-15.381 61.523 1.526 -381
43.213 35.522 1.526 -381
91.553 8.057 1.526 -381
145.386 -17.212 1.526 0
191.895 -43.579 1.526 -381
235.840 -69.214 1.526 -381
270.996 -93.018 1.526 -381
296.265 -114.990 1.526 -381
316.040 -131.836 1.526 0
323.730 -147.217 1.526 -381
327.026 -155.640 1.526 0
327.759 -160.400 1.526 -381
327.026 -160.767 1.526 -381
307.983 -152.344 1.526 -381
281.250 -139.160 1.907 0
243.164 -122.681 1.526 0
207.275 -102.539 1.526 -381
161.865 -79.834 1.526 -381
111.694 -54.932 1.526 -381
57.495 -29.663 1.526 -381
3.662 -1.099 1.526 0
-53.833 26.733 1.526 -381
-108.765 53.833 1.526 -381
-158.936 77.637 1.907 -381
-204.346 101.074 1.526 0
-246.094 121.948 1.526 0
-277.588 137.329 1.526 0
-302.124 150.513 1.907 -381
-318.970 157.471 1.907 0
-324.829 162.598 1.526 -381
-326.294 165.161 1.526 -381
-303.223 165.527 1.526 -381
-275.757 160.767 1.526 -381
-235.474 151.611 1.526 -381
-194.458 136.963 1.526 -381
-145.752 118.652 1.526 -381
-97.412 97.778 1.526 -381
-43.579 74.707 1.526 -381
10.986 49.438 1.526 -381
66.650 21.973 1.526 -381
123.413 -4.761 1.526 -381
168.457 -32.593 1.526 -381
214.966 -56.763 1.526 -381
253.784 -81.299 1.526 -381
282.349 -104.370 1.526 -381
307.617 -123.779 1.526 -381
320.801 -139.893 1.526 -381
326.294 -151.245 1.526 -381
327.759 -157.837 1.526 -381
328.125 -162.231 1.526 -381
323.364 -157.104 1.526 0
295.898 -146.484 1.526 0
265.869 -130.737 1.526 -381
225.952 -111.328 1.526 -381
182.007 -91.553 1.526 -381
136.597 -68.848 1.526 -381
85.693 -42.480 1.526 -381
30.762 -16.113 1.526 -381
-25.635 10.986 1.907 -381
-81.299 38.818 1.526 -381
-134.399 65.186 1.526 0
-179.810 89.722 1.526 0
-224.121 112.061 1.526 -381
-261.475 130.005 1.526 -381
-288.940 144.653 1.526 -381
-311.646 155.273 1.526 -381
-322.632 161.133 1.526 -381
-326.660 164.063 1.526 0
-317.871 165.894 1.526 -381
-291.138 164.063 1.526 0
-257.813 156.738 1.907 0
-217.529 145.752 1.526 -381
-172.119 129.272 1.526 -381
-123.779 109.863 1.907 -381
-71.411 87.158 1.526 -381
-17.944 62.622 1.526 0
39.551 36.255 1.907 -381
95.947 8.789 1.526 0
149.780 -18.311 1.526 -381
195.557 -46.143 1.526 -381
233.276 -71.045 1.526 -381
268.433 -92.285 1.526 -381
295.532 -114.624 1.526 -381
315.674 -131.104 1.526 -381
323.730 -146.118 1.526 -381
327.026 -154.907 1.907 -381
327.759 -160.767 1.526 -381
327.393 -160.767 1.526 -381
309.814 -152.344 1.526 -381
283.813 -139.160 1.526 -381
245.728 -122.314 1.526 -381
203.247 -102.539 1.526 -381
156.372 -79.468 1.526 0
109.497 -56.396 1.526 -381
61.157 -30.762 1.526 -381
6.226 -2.930 1.526 -381
-51.270 24.902 1.526 -381
-105.469 52.734 1.526 -381
-155.640 77.637 1.526 -381
-201.416 100.708 1.526 -381
-243.896 121.216 1.526 -381
-276.855 136.963 1.526 -381
-301.758 150.146 1.526 0
-318.604 158.203 1.526 -381
-324.463 162.598 1.526 -381
-326.294 165.161 1.526 -381
-305.420 165.527 1.526 -381
-277.588 161.865 1.526 0
-236.938 152.344 1.526 -381
-194.824 137.695 1.526 -381
-146.118 119.751 1.526 -381
-99.609 98.511 1.526 -381
-47.974 75.073 1.526 -381
8.057 50.537 1.526 -381
65.918 23.804 1.526 0
120.117 -4.395 1.526 -381
169.922 -32.593 1.526 -381
215.332 -58.228 1.526 0
255.249 -81.665 1.526 -381
281.982 -104.736 1.526 -381
306.152 -123.413 1.526 -381
320.068 -138.794 1.526 0
325.562 -151.245 1.526 -381
327.393 -157.837 1.526 -381
327.393 -161.865 1.526 0
323.730 -157.837 1.526 -381
295.532 -147.583 1.526 -381
267.334 -131.836 1.526 -381
228.149 -113.159 1.526 -381
184.937 -90.454 1.526 -381
135.864 -67.017 1.526 -381
84.595 -42.480 1.526 -381
27.100 -17.212 1.526 -381
-23.071 10.620 1.526 -381
-78.003 39.185 1.526 -381
-131.470 64.087 1.526 -381
-179.077 88.623 1.526 0
-224.487 110.962 1.526 -381
-261.841 128.906 1.526 -381
-287.842 144.287 1.526 -381
-310.913 154.541 1.526 -381
-322.632 160.767 1.526 -381
-326.294 164.429 1.526 -381
-316.040 165.527 1.526 -381
-288.940 164.063 1.526 0
-260.010 156.738 1.526 -381
-220.459 145.752 1.526 -381
-174.683 128.906 1.907 -381
-126.709 110.229 1.526 -381
-75.073 87.891 1.526 -381
-19.409 64.087 1.526 -381
36.621 37.720 1.907 -381
91.919 10.254 1.526 -381
146.484 -16.846 1.526 -381
192.993 -44.312 1.526 -381
236.572 -69.214 1.526 -381
271.362 -93.750 1.526 0
295.898 -116.089 1.526 -381
315.308 -132.568 1.526 0
323.730 -146.118 1.526 -381
327.026 -154.907 1.526 -381
327.759 -160.400 1.526 -381
327.026 -161.499 1.526 0
310.547 -153.076 1.526 -381
285.278 -139.893 1.526 -381
247.925 -122.314 1.526 -381
206.177 -102.173 1.526 -381
160.400 -79.468 1.526 0
110.596 -55.298 1.526 0
57.129 -29.297 1.526 -381
3.662 -1.465 1.526 -381
-54.932 23.071 1.526 0
-104.004 51.270 1.526 -381
-155.273 76.538 1.526 0
-199.219 99.976 1.526 -381
-241.699 120.850 1.526 -381
-275.391 136.230 1.526 -381
-300.659 150.146 1.526 -381
-318.237 157.471 1.526 -381
-324.463 162.598 1.526 -381
-326.294 165.527 1.526 -381
-302.856 165.527 1.526 0
-276.855 160.400 1.526 -381
-236.572 151.245 1.526 -381
-197.021 137.329 1.526 -381
-148.682 121.216 1.526 0
-100.708 99.976 1.526 -381
-47.974 76.538 1.526 -381
5.127 50.537 1.526 -381
64.087 24.902 1.526 -381
120.483 -2.930 1.526 -381
169.189 -30.762 1.526 -381
213.867 -57.495 1.526 -381
253.418 -82.031 1.526 -381
281.982 -104.736 1.526 0
307.251 -123.779 1.526 0