nan nan nan 37.000000 
132.554399 36.022086 nan 37.000000 
132.825173 33.078161 37.000000 37.000000 
129.633529 24.978432 36.999999 32.268382 
124.361781 3.994634 37.000000 34.572209 
115.650608 64.412338 36.999999 36.008529 
101.704733 86.215147 nan 37.000000 
78.890872 88.256955 nan 31.533023 
50.648362 82.609641 37.000000 36.716667 
28.050194 71.734396 37.000000 36.554026 
14.363385 57.211858 36.999999 31.994891 
6.372421 41.727893 37.000000 33.423132 
1.452585 28.417111 nan 34.027576 
1.537066 18.470347 36.999999 33.411504 
3.244528 11.714417 35.866487 33.411504 
3.895376 7.380664 35.939366 34.653419 
3.732020 4.887332 36.009078 35.511300 
2.880163 3.801876 36.076729 36.373872 
1.366181 3.870443 36.681690 30.839546 
0.749910 4.921973 36.625506 24.010016 
3.482358 6.947177 36.568692 29.572436 
6.692924 9.794985 36.510442 28.524250 
10.076623 13.224270 36.449867 27.404526 
13.172928 16.787740 36.407297 26.196401 
15.527324 19.921371 36.400511 26.196401 
16.693707 22.055522 36.393112 31.417349 
16.471028 22.720654 36.384892 36.754580 
14.993724 21.897861 36.375230 36.494226 
12.606679 19.737677 35.022320 36.494226 
9.749087 16.708091 34.789463 34.280248 
6.875759 13.368874 34.507333 31.703416 
4.355989 10.104677 35.634270 30.218629 
2.369627 7.229387 36.654752 31.601243 
1.038764 4.870760 35.928873 35.466159 
0.355318 3.109701 34.683903 11.852320 
0.278666 1.971067 32.114338 21.690644 
0.737606 1.435757 24.801935 14.244814 
1.670017 1.468330 0.390266 1.111072 
2.264337 2.542062 0.390266 1.111072 
2.292356 3.236756 0.390266 1.111072 
1.722168 3.423065 0.390266 1.111072 
0.680996 3.059013 0.390266 6.321952 
0.684400 2.210294 0.390266 6.321952 
2.152069 0.957788 0.390266 6.321952 
3.551263 0.511754 0.390266 6.321952 
4.682454 2.006443 0.390266 1.046992 
5.483159 3.342283 0.390266 1.046992 
5.934736 4.369581 0.390266 15.480442 
6.056884 4.979199 0.390266 0.842270 
5.844548 5.126387 0.390266 0.842270 
5.238097 4.780949 0.390266 0.842270 
4.290140 4.003980 0.390266 13.576780 
3.054930 2.879138 20.204627 12.756168 
1.692168 1.547046 20.204627 29.563589 
0.326273 0.168860 0.486871 29.563589 
0.876860 1.118003 0.486871 29.563589 
1.704238 2.091494 20.578313 4.604034 
1.983345 2.606323 20.578313 17.354111 
1.631007 2.521856 0.463123 14.640135 
0.710873 1.819509 0.463123 14.640135 
0.611196 0.639730 0.463123 3.492191 
2.049194 0.819317 3.189702 1.708475 
3.470088 2.325271 3.189702 10.000964 
4.677376 3.674181 3.189702 10.000964 
5.557756 4.729343 3.189702 30.480200 
6.057680 5.459084 23.132449 8.073470 
6.108490 5.828754 23.132449 0.814038 
5.692277 5.854496 23.132449 0.814038 
4.793688 5.533081 23.132449 21.196908 
3.587421 4.843637 33.448461 1.121230 
2.180055 3.805596 33.448461 1.121230 
0.792649 2.498024 33.448461 21.368132 
0.424730 1.092057 5.094968 21.368132 
1.362071 0.220593 27.495712 27.069542 
1.874366 1.250577 27.495712 27.069542 
1.873310 1.867372 27.495712 24.503069 
0.598159 1.093899 27.495712 24.503069 
0.779451 0.009755 19.440287 24.503069 
2.009410 1.344641 19.440287 24.503069 
3.044719 2.659114 19.440287 24.503069 
3.758883 3.894432 19.440287 24.503069 
4.154488 4.838494 13.525819 24.503069 
4.241942 5.399219 13.525819 24.503069 
3.966659 5.505101 13.525819 24.503069 
3.257703 5.121462 13.525819 24.503069 
2.199308 4.313600 13.525819 31.605988 
0.859318 3.171170 13.525819 31.605988 
0.621520 1.812522 13.525819 31.605988 
2.072698 0.339267 13.525819 31.605988 
3.390642 1.100700 13.525819 17.774431 
4.332461 2.245525 13.525819 17.774431 
4.714981 2.926035 13.525819 17.774431 
4.460029 2.982869 23.061323 17.774431 
3.590611 2.361370 23.061323 17.774431 
2.305009 1.276409 23.061323 17.774431 
0.860256 0.117554 23.061323 36.815813 
0.577668 1.593194 3.224522 36.815813 
1.797774 2.892719 3.224522 36.815813 
2.695124 3.919491 3.224522 36.815813 
3.189579 4.604369 3.224522 6.687643 
3.183871 4.934645 3.224522 6.687643 
2.660521 4.918094 3.224522 13.974686 
1.626147 4.520939 3.224522 13.974686 
0.266502 3.716244 3.224522 27.348221 
1.277292 2.539603 19.781337 32.422457 
2.837893 1.081174 19.781337 30.931229 
4.222789 0.482826 19.781337 36.975445 
5.310854 1.972810 35.836958 28.077112 
5.894336 3.187366 11.984804 9.597113 
5.874283 3.919002 11.984804 9.597113 
5.227084 4.056831 36.335403 35.333700 
4.059185 3.603870 3.821880 0.922547 
2.637163 2.652655 3.821880 0.922547 
1.176925 1.393028 3.821880 32.185646 
0.523777 0.172320 3.821880 32.185646 
0.210309 0.749583 86.455936 32.185646 
0.244154 1.240296 86.455936 2.480535 
0.684943 1.220157 86.455936 2.480535 
1.569763 0.668151 86.455936 2.480535 
2.853070 0.346553 37.000000 2.480535 
4.436301 1.718029 37.000000 2.480535 
6.077271 3.329213 37.000000 2.480535 
7.627884 5.028186 37.000000 10.124747 
8.911192 6.603130 37.000000 10.124747 
9.707098 7.837657 37.000000 10.879593 
9.905803 8.475086 37.000000 10.879593 
9.395267 8.373505 37.000000 0.338797 
8.224730 7.581482 37.000000 0.338797 
6.659883 6.257213 37.000000 1.198862 
4.955232 4.657265 37.000000 1.198862 
3.375920 3.065254 37.000000 1.198862 
2.107825 1.686361 37.000000 1.198862 
1.231929 0.631645 37.000000 1.198862 
0.853492 0.039039 37.000000 1.198862 
1.022780 0.318675 37.000000 1.198862 
1.780016 0.189471 15.282698 1.198862 
2.994024 0.379936 15.282698 1.198862 
4.551762 1.410919 15.282698 25.514554 
6.243877 2.832995 15.282698 25.514554 
7.853393 4.510671 20.658971 25.514554 
9.198140 6.261663 20.658971 25.514554 
10.129083 7.816695 20.658971 6.787085 
10.446348 8.987349 20.658971 6.787085 
10.056353 9.570831 0.016287 6.787085 
9.026791 9.474986 0.016287 6.787085 
7.478148 8.738441 0.016287 6.787085 
5.756643 7.453890 0.016287 1.342362 
4.098938 5.890470 0.016287 1.686900 
2.729178 4.269833 0.016287 1.686900 
1.748310 2.801454 0.016287 1.686900 
1.150516 1.664981 0.016287 16.555065 
0.946090 0.935811 0.016287 0.401764 
