0.000000 0.000000 0.000000 0.000000 
0.000000 0.000000 0.000000 0.000000 
0.000000 0.000000 0.000000 0.000000 
0.000000 0.000000 0.000000 0.000000 
0.000000 0.000000 0.000000 0.000000 
0.000000 0.000000 0.000000 0.000000 
0.000000 0.000000 0.000000 0.000000 
0.000000 0.000000 0.000000 0.000000 
0.000000 0.000000 0.000000 0.000000 
0.000000 0.000000 0.000000 0.000000 
0.000000 0.000000 0.000000 0.000000 
0.000000 0.000000 0.000000 0.000000 
0.000000 0.000000 0.000000 0.000000 
0.000000 0.000000 0.000000 0.000000 
0.000000 0.000000 0.000000 0.000000 
0.000000 0.000000 0.000000 0.000000 
0.000000 0.000000 0.000000 0.000000 
0.000000 0.000000 0.000000 0.000000 
0.000000 0.000000 0.000000 0.000000 
0.000000 0.000000 0.000000 0.000000 
0.000000 0.000000 0.000000 0.000000 
0.000000 0.000000 0.000000 0.000000 
0.000000 0.000000 0.000000 0.000000 
0.000000 0.000000 0.000000 0.000000 
0.000000 0.000000 0.000000 0.000000 
0.000000 0.000000 0.000000 0.000000 
0.000000 0.000000 0.000000 0.000000 
0.000000 0.000000 0.000000 0.000000 
0.000000 0.000000 0.000000 0.000000 
0.000000 0.000000 0.000000 0.000000 
0.000000 0.000000 0.000000 0.000000 
0.000000 0.000000 0.000000 0.000000 
0.000000 0.000000 0.000000 0.000000 
0.000000 0.000000 0.000000 0.000000 
0.000000 0.000000 0.000000 0.000000 
0.000000 0.000000 0.000000 0.000000 
0.000000 0.000000 0.000000 0.000000 
0.000000 0.000000 0.000000 0.000000 
0.000000 0.000000 0.000000 0.000000 
0.000000 0.000000 0.000000 0.000000 
0.000000 0.000000 0.000000 0.000000 
0.000000 0.000000 0.000000 0.000000 
0.000000 0.000000 0.000000 0.000000 
0.000000 0.000000 0.000000 0.000000 
0.000000 0.000000 0.000000 0.000000 
0.000000 0.000000 0.000000 0.000000 
0.000000 0.000000 0.000000 0.000000 
0.000000 0.000000 0.000000 0.000000 
0.498417 1.292304 5.914939 10.892910 
3.858533 1.256059 5.580148 11.039468 
7.181288 1.374689 5.014794 10.600620 
9.015888 1.441945 5.806467 9.706882 
9.313967 1.467001 4.333217 8.591581 
8.253448 1.452797 2.987733 1.565725 
6.645999 1.415028 2.067283 2.640686 
3.878835 11.963456 1.691368 3.348795 
0.682420 28.244523 1.851115 3.979040 
2.685522 58.835202 2.447968 4.404583 
6.022142 85.531319 3.530413 4.615516 
9.119190 56.037709 5.009011 4.510369 
11.803760 26.226509 6.773471 4.125856 
13.821806 27.313785 6.084566 3.470349 
14.905491 10.771682 7.039147 2.698313 
14.689293 15.409434 7.853787 2.034417 
13.628715 61.316948 8.577788 2.008088 
10.117419 80.144056 9.023188 2.329849 
5.003531 33.602201 9.164557 2.554092 
0.853156 20.898233 9.003513 2.611661 
6.251710 0.347125 8.486907 2.530083 
10.231347 4.259606 7.654152 2.297857 
12.430899 4.199774 6.587402 1.995052 
12.915848 10.347466 5.404863 7.777470 
12.016794 10.435079 4.259334 23.881432 
10.046605 31.859013 84.381186 23.076519 
7.285189 41.498503 85.069447 22.309775 
4.112363 41.454483 85.197530 21.694997 
0.723242 33.459038 84.861868 21.260262 
2.634142 24.475068 84.112077 21.140289 
5.775902 0.344695 83.045932 21.308380 
8.540241 0.456909 81.800943 21.781298 
10.686510 0.622605 80.577940 22.417147 
11.895981 0.811864 79.361739 1.421869 
11.893639 1.056925 78.387530 2.731856 
10.414724 1.308940 1.696902 4.218644 
7.371578 1.590479 2.513709 5.732276 
3.183386 1.793435 3.289802 6.995420 
1.390035 1.970050 3.815317 7.857415 
5.384648 2.091879 3.996195 8.222216 
8.088427 2.173059 38.330107 8.092389 
9.207929 2.204072 5.557901 7.530422 
8.839216 2.112488 4.913857 92.443330 
7.260346 2.058440 4.224661 66.889698 
4.820893 1.876921 3.609674 15.787150 
1.766960 20.476555 3.016273 16.246523 
1.539455 21.030121 2.565126 16.209760 
4.912409 1.138798 2.324040 15.636252 
8.152939 22.560181 2.381470 14.608592 
11.087506 29.918769 2.780421 13.250313 
13.489992 30.018141 25.071337 11.788123 
15.072016 27.124344 1.235783 10.284093 
15.542104 2.022824 2.173942 4.098695 
14.580746 70.793263 3.131684 4.570390 
11.859623 80.785640 4.118784 4.957514 
7.379188 60.550458 4.955051 5.180101 
1.772787 10.191033 5.616660 5.206614 
3.957682 11.035427 5.964422 5.049184 
8.634097 21.717650 6.018776 4.676906 
11.658548 28.055875 5.751997 4.153271 
12.950011 27.979068 5.286487 3.041143 
12.677399 18.039323 4.592988 4.670076 
11.162409 4.204139 20.336481 3.935321 
8.750334 10.755216 72.373837 3.404114 
5.734641 23.004237 70.065660 3.093503 
2.414760 22.924319 67.528040 3.077842 
0.993114 0.618627 64.787183 3.384399 
4.270263 0.754088 62.210903 3.928510 
7.202835 0.931587 59.910402 4.650597 
9.608210 1.131645 58.229440 5.478716 
11.290618 1.354335 57.150851 7.288255 
11.894632 1.549821 56.968034 4.492014 
11.103343 1.803072 9.544247 4.904647 
8.768114 1.971287 10.215188 5.207130 
5.030463 2.129488 10.425592 5.328640 
0.516001 2.251827 10.156372 5.271921 
3.837623 2.318399 9.393422 5.005144 
7.192644 2.341849 8.209287 4.545220 
9.060298 2.284338 87.758272 3.982980 
9.391461 2.218606 4.214637 3.364182 
8.341522 2.024635 2.928378 52.285731 
6.242001 1.875749 2.068265 51.612992 
3.450571 1.669452 1.660639 51.338385 
0.227470 24.142150 1.745015 51.508014 
3.157122 81.579985 2.347250 52.098594 
6.492255 87.644623 3.454795 53.073568 
9.587547 70.807037 4.955880 54.329741 
12.290774 85.583995 6.740898 55.678332 
14.332352 57.738661 6.081422 57.020646 
15.455495 64.595079 7.061718 58.290955 
15.264609 92.093767 7.901025 7.148393 
13.450755 39.541024 8.579448 6.213505 
9.871765 15.282792 9.053856 4.576886 
4.705047 42.754408 9.213314 2.305308 
1.164198 78.278783 9.068392 0.109325 
6.508907 78.262897 8.551561 2.396616 
10.388349 84.957679 7.722133 4.057700 
12.487120 84.897711 6.655248 5.011513 
12.915106 55.819083 5.472596 23.030719 
12.016597 33.556073 4.307122 62.297418 
10.040425 15.816175 84.569833 60.769544 
7.296826 0.948567 85.254362 59.235688 
4.127501 0.823812 85.379370 57.835694 
0.744590 1.384758 85.041530 56.763078 
2.600109 2.287661 84.292278 56.190858 
5.723024 2.614637 83.231552 56.277351 
8.420232 2.926803 81.977462 56.941004 
10.481186 3.171797 80.757700 58.034737 
11.607755 3.313587 79.603901 11.054964 
11.590348 3.404905 78.688144 10.428783 
10.084790 3.438681 1.737085 8.766942 
7.034967 3.402276 2.560968 6.051654 
2.843764 3.205310 3.369736 2.425707 
1.706469 2.935596 3.929769 1.301441 
5.656187 2.568561 4.109021 4.630995 
8.322355 2.183976 38.285294 6.883881 
9.411298 1.807004 5.636902 8.044533 
9.038895 1.504122 5.022752 59.849363 
7.454932 1.168199 4.334443 9.687013 
4.964049 0.946276 3.700753 10.587161 
1.940045 35.257042 3.077350 11.061842 
1.416666 93.315681 2.622452 10.960883 
4.826285 84.045495 2.348394 10.379870 
8.087566 61.758837 2.368712 9.322791 
11.030212 60.296062 2.739765 7.978749 
13.453248 72.266426 25.085522 6.506444 
15.054820 47.327436 1.201582 4.995047 
15.572060 25.614983 2.110893 5.789703 
14.656709 0.213011 3.049091 6.430962 
11.988547 51.628838 4.037329 6.961970 
7.552849 79.904523 4.875671 7.249029 
1.868345 27.821401 5.543729 7.264915 
3.920830 0.631477 5.926086 6.969483 
8.647305 6.891215 5.994647 6.375361 
11.675510 10.012068 5.757891 5.602025 
12.943115 5.593965 5.275424 1.530601 
12.651740 1.041191 4.601681 18.120161 
11.125357 9.844995 3.830149 16.960099 
8.732859 29.793309 10.173488 16.327105 
5.733545 38.579745 7.881597 16.148708 
2.427005 38.540937 5.283349 16.513370 
0.973597 22.359888 2.552564 17.364798 
4.251539 0.361990 0.103961 18.533554 
7.200575 0.432140 2.392713 19.974677 
9.629768 0.535969 4.105277 21.488442 
11.298425 0.686757 5.251862 30.404262 
11.880229 0.831401 5.566314 9.886980 
11.059798 1.064425 5.061214 10.511145 
8.768037 1.303173 3.820431 10.775113 
5.086080 1.494651 1.981332 10.533692 
0.595991 1.637942 0.345688 9.829995 
3.749150 1.758970 2.334585 8.642784 
7.112965 1.839052 3.765405 7.187425 
