0.000000 0.000000 
0.000000 0.000000 
0.000000 0.000000 
0.000000 0.000000 
0.000000 0.000000 
0.000000 0.000000 
0.000000 0.000000 
0.000000 0.000000 
0.000000 0.000000 
0.000000 0.000000 
0.000000 0.000000 
0.000000 0.000000 
0.000000 0.000000 
0.000000 0.000000 
0.000000 0.000000 
0.000000 0.000000 
0.000000 0.000000 
0.000000 0.000000 
0.000000 0.000000 
0.000000 0.000000 
0.000000 0.000000 
0.000000 0.000000 
0.000000 0.000000 
0.000000 0.000000 
0.000000 0.000000 
0.000000 0.000000 
0.000000 0.000000 
0.000000 0.000000 
0.000000 0.000000 
0.000000 0.000000 
0.000000 0.000000 
0.000000 0.000000 
0.000000 0.000000 
0.000000 0.000000 
0.000000 0.000000 
0.000000 0.000000 
0.000000 0.000000 
0.000000 0.000000 
0.000000 0.000000 
0.000000 0.000000 
0.000000 0.000000 
0.000000 0.000000 
7.945305 0.469145 
7.931323 0.035367 
7.196464 0.595518 
5.770135 1.156977 
3.802997 1.610033 
1.489090 1.925973 
0.907205 2.126506 
3.050282 2.168362 
4.687347 2.089822 
5.597283 1.906201 
5.721291 1.569377 
5.180085 1.093217 
4.088182 0.597903 
2.583299 0.082522 
0.779898 16.328134 
1.104249 12.568147 
2.947317 13.911296 
4.582556 15.032595 
5.811220 2.952221 
6.570680 3.917697 
6.720859 4.768339 
6.164407 5.424565 
4.909191 5.780991 
3.073465 5.760251 
0.883730 5.396213 
1.280767 4.800164 
3.051456 4.034790 
4.192004 3.229079 
4.572919 2.409653 
4.264524 1.662636 
3.396172 7.506031 
2.026322 0.980904 
0.320906 1.013387 
1.574198 0.689811 
3.513830 1.460238 
5.305069 1.905412 
6.748847 2.439860 
7.714004 3.027973 
8.049698 3.622023 
7.678309 4.113724 
6.586023 4.513394 
4.861074 4.707176 
2.689373 4.697585 
0.296990 4.529847 
2.010357 4.181486 
3.944503 3.731227 
5.235104 3.202734 
5.765862 2.602570 
5.572031 1.987955 
4.748152 1.449035 
3.443810 1.031924 
1.777342 0.795269 
0.093654 86.448051 
1.979266 86.993929 
3.731473 87.644651 
5.206612 88.417475 
6.242909 1.317160 
6.740664 1.046974 
6.568131 0.621986 
5.679769 0.061533 
4.116188 0.502800 
2.059527 0.982735 
0.169746 1.379896 
2.199951 1.599377 
3.672093 1.695071 
4.434729 1.576058 
4.462226 1.202540 
3.857256 14.773057 
2.737520 27.219654 
1.195560 26.807707 
0.613143 26.437881 
2.574320 31.878200 
4.450997 1.838797 
6.084686 2.044240 
7.300647 1.964567 
7.941707 1.731212 
7.945135 1.303015 
7.229811 0.726396 
5.820672 0.053965 
3.865139 0.618561 
1.549851 1.207922 
0.857758 1.730854 
3.017100 2.084160 
4.676155 2.291369 
5.612002 2.317800 
5.750998 2.071932 
5.218645 1.671891 
4.140577 1.126415 
2.630016 0.528448 
0.833623 29.796200 
1.075672 23.495180 
2.966714 22.913078 
4.606112 22.240605 
5.856503 1.915618 
6.601489 2.390678 
6.720334 2.856493 
6.176630 3.249898 
4.934010 3.489099 
3.109369 3.531871 
0.932486 3.369698 
1.235412 3.084651 
3.016234 2.683375 
4.127490 2.266077 
4.486080 1.829368 
4.188590 1.410242 
3.336169 7.904548 
2.030819 1.007868 
0.372000 1.015692 
1.511805 0.663158 
3.444996 1.484975 
5.236420 1.930295 
6.681014 2.479675 
7.660939 3.080031 
8.022989 3.700956 
7.688038 4.221059 
6.617747 4.598035 
4.904052 4.792803 
2.737378 4.755153 
0.339569 4.557659 
1.981351 4.229446 
3.931230 3.749361 
5.242601 3.221141 
5.785951 2.627784 
5.585906 1.990519 
4.756527 1.451231 
3.465176 1.029049 
1.810496 0.785018 
0.040690 49.551451 
1.948858 50.176380 
3.744769 50.905636 
5.249315 51.738484 
6.299175 3.140990 
6.770950 3.318738 
6.577271 3.296147 
5.675751 2.909235 
4.127160 2.253773 
2.081317 1.397545 
0.144517 0.491261 
2.182945 0.339691 
3.670905 0.993219 
4.413973 1.332238 
4.433192 1.247524 
3.807744 28.571600 
2.700962 28.940796 
1.199176 29.683248 
0.575737 30.329991 
2.492016 34.230911 
4.375714 2.851645 
6.029033 3.540458 
7.267045 3.927008 
7.932730 4.076217 
7.947227 3.896448 
7.237111 3.473226 
5.836739 2.742302 
3.887739 1.797044 
1.578070 0.806164 
0.814748 0.192150 
2.981865 1.082326 
4.661356 1.829996 
5.620900 2.339311 
5.809784 2.511472 
5.305094 2.367681 
4.235868 1.905995 
2.722857 1.255790 
0.915527 11.164969 
0.997683 34.578985 
2.896488 34.018524 
4.567859 33.339867 
5.854740 1.514147 
6.647019 1.880029 
6.792287 2.224306 
6.239113 2.520003 
4.988235 2.737409 
3.152738 2.801302 
0.977873 2.740922 
1.193585 2.591214 
2.994555 2.335008 
4.129467 2.069652 
4.497538 1.762554 
4.173882 1.430319 
3.270072 8.825005 
1.929221 4.969890 
0.270103 4.821461 
1.584324 4.867486 
3.459258 1.150615 
5.205967 1.420596 
6.642306 1.769366 
7.607105 2.173312 
7.982528 2.598625 
7.665563 2.973323 
6.615420 3.298726 
4.923242 3.511924 
2.768955 3.571662 
0.375420 3.523177 
1.936210 3.363167 
3.884934 3.074935 
5.219126 2.757234 
5.782087 2.365807 
5.601886 1.922697 
4.790666 1.530584 
3.499941 1.186174 
1.855775 0.963029 
0.006571 49.631225 
1.925643 50.262628 
3.738283 51.035818 
5.258409 51.842612 
6.313202 3.229492 
6.791632 3.412777 
6.599029 3.343824 
5.706615 2.957102 
4.146307 2.263426 
2.093035 1.404902 
0.140347 0.513083 
2.182915 0.320714 
3.685338 1.005569 
4.449795 1.350423 
4.482794 1.334812 
3.866440 0.794505 
2.714943 23.406153 
1.164344 24.098735 
0.600776 24.689393 
2.513267 24.979606 
4.346567 0.889668 
5.955783 0.642747 
7.211106 0.223904 
7.891658 0.337613 
7.926911 0.966699 
7.237908 1.613157 
5.851373 2.180027 
3.913574 2.584593 
1.608301 2.769700 
0.790650 2.832400 
2.946580 2.736166 
4.609909 2.520861 
5.587888 2.209552 
5.780449 1.727852 
5.309739 1.156824 
4.284429 0.561078 
2.775755 0.027468 
0.983644 10.196998 
0.935395 6.803115 
2.842488 7.472545 
4.515786 7.783529 
5.814114 9.360771 
6.619419 12.129865 
6.794385 13.527737 
6.270351 13.140505 
5.040503 10.794823 
3.213781 6.461741 
1.025593 1.040226 
1.158165 4.230055 
2.971252 8.136695 
4.127298 10.340304 
4.510001 10.574153 
4.195208 8.638645 
3.303342 8.174346 
1.965027 0.932144 
0.286262 0.954758 
1.602672 0.662143 
