0.000000 0.000000 0.000000 0.000000 
0.000000 0.000000 0.000000 0.000000 
0.000000 0.000000 0.000000 0.000000 
0.000000 0.000000 0.000000 0.000000 
0.000000 0.000000 0.000000 0.000000 
0.000000 0.000000 0.000000 0.000000 
0.000000 0.000000 0.000000 0.000000 
0.000000 0.000000 0.000000 0.000000 
0.000000 0.000000 0.000000 0.000000 
0.000000 0.000000 0.000000 0.000000 
0.000000 0.000000 0.000000 0.000000 
0.000000 0.000000 0.000000 0.000000 
0.000000 0.000000 0.000000 0.000000 
0.000000 0.000000 0.000000 0.000000 
0.000000 0.000000 0.000000 0.000000 
0.000000 0.000000 0.000000 0.000000 
0.000000 0.000000 0.000000 0.000000 
0.000000 0.000000 0.000000 0.000000 
0.000000 0.000000 0.000000 0.000000 
0.000000 0.000000 0.000000 0.000000 
0.000000 0.000000 0.000000 0.000000 
0.000000 0.000000 0.000000 0.000000 
0.000000 0.000000 0.000000 0.000000 
0.000000 0.000000 0.000000 0.000000 
0.000000 0.000000 0.000000 0.000000 
0.000000 0.000000 0.000000 0.000000 
0.000000 0.000000 0.000000 0.000000 
0.000000 0.000000 0.000000 0.000000 
0.000000 0.000000 0.000000 0.000000 
0.000000 0.000000 0.000000 0.000000 
0.000000 0.000000 0.000000 0.000000 
0.000000 0.000000 0.000000 0.000000 
0.000000 0.000000 0.000000 0.000000 
0.000000 0.000000 0.000000 0.000000 
0.000000 0.000000 0.000000 0.000000 
0.000000 0.000000 0.000000 0.000000 
0.000000 0.000000 0.000000 0.000000 
0.000000 0.000000 0.000000 0.000000 
0.000000 0.000000 0.000000 0.000000 
0.000000 0.000000 0.000000 0.000000 
0.000000 0.000000 0.000000 0.000000 
0.000000 0.000000 0.000000 0.000000 
6.140858 6.140858 6.140858 6.140858 
4.860347 4.872800 4.860347 4.860347 
2.997040 3.003291 2.997040 2.997040 
0.797947 0.797665 0.797947 0.797947 
1.366188 1.372349 1.366188 1.366188 
3.112622 3.123356 3.112622 3.112622 
4.181005 4.194928 4.181005 4.181005 
4.501514 4.517654 4.501514 4.501514 
4.175606 4.193409 4.175606 4.175606 
3.293755 3.312982 3.293755 3.293755 
1.953623 1.974196 1.953623 1.953623 
0.260921 0.282835 0.260921 0.260921 
1.642807 1.619561 1.642807 1.642807 
3.574526 3.550004 3.574526 3.574526 
5.344839 5.319261 5.344839 5.344839 
6.749619 6.723449 6.749619 6.749619 
7.693427 7.667456 7.693427 7.693427 
8.016516 7.991857 8.016516 8.016516 
7.636144 7.614262 7.636144 7.636144 
6.527179 6.509731 6.527179 6.527179 
4.786433 4.774886 4.786433 4.786433 
2.602396 2.597566 2.602396 2.602396 
0.199783 0.201607 0.199783 0.199783 
2.097682 2.090099 2.097682 2.097682 
4.011164 3.999229 4.011164 4.011164 
5.281317 5.266454 5.281317 5.281317 
5.786778 5.770058 5.786778 5.786778 
5.561030 5.542993 5.561030 5.561030 
4.718240 4.699099 4.718240 4.718240 
3.397450 3.377238 3.397450 3.397450 
1.714117 1.692826 1.714117 1.714117 
0.159770 0.182152 0.159770 0.159770 
2.087120 2.110501 2.087120 2.087120 
3.875717 3.899873 3.875717 3.875717 
5.342486 5.366949 5.342486 5.342486 
6.361010 6.385027 6.361010 6.361010 
6.785521 6.808031 6.785521 6.785521 
6.543106 6.562749 6.543106 6.543106 
5.617150 5.632439 5.617150 5.617150 
4.017523 4.027090 4.017523 4.017523 
1.947737 1.950823 1.947737 1.947737 
0.276255 0.279501 0.276255 0.276255 
2.279280 2.287826 2.279280 2.279280 
3.726350 3.738776 3.726350 3.726350 
4.428236 4.443289 4.428236 4.428236 
4.397961 4.414909 4.397961 4.397961 
3.789786 3.808284 3.789786 3.789786 
2.660085 2.679962 2.660085 2.660085 
1.120866 1.142088 1.120866 1.120866 
0.650460 0.627882 0.650460 0.650460 
2.592787 2.568919 2.592787 2.592787 
4.459662 4.434602 4.459662 4.459662 
6.077639 6.051719 6.077639 6.077639 
7.290849 7.264673 7.290849 7.290849 
7.933083 7.907591 7.933083 7.933083 
7.923389 7.899895 7.923389 7.923389 
7.181529 7.161612 7.181529 7.181529 
5.746502 5.731785 5.746502 5.746502 
3.769957 3.761631 3.769957 3.769957 
1.445445 1.443916 1.445445 1.445445 
0.952998 0.948221 0.952998 0.952998 
3.093491 3.083621 3.093491 3.093491 
4.725571 4.712062 4.725571 4.725571 
5.639519 5.623665 5.639519 5.639519 
5.779520 5.762136 5.779520 5.779520 
5.242344 5.223782 5.242344 5.242344 
4.144261 4.124631 4.144261 4.144261 
2.613930 2.593226 2.613930 2.613930 
0.794192 0.772392 0.794192 0.794192 
1.128583 1.151456 1.128583 1.128583 
3.011204 3.034991 3.011204 3.011204 
4.665336 4.689707 4.665336 4.665336 
5.930989 5.955336 5.930989 5.930989 
6.664471 6.687902 6.664471 6.664471 
6.769517 6.790799 6.769517 6.769517 
6.178608 6.196285 6.178608 6.178608 
4.888622 4.901215 4.888622 4.888622 
3.049462 3.055882 3.049462 3.049462 
0.859410 0.859304 0.859410 0.859410 
1.307849 1.313855 1.307849 1.307849 
3.072304 3.082916 3.072304 3.072304 
4.174689 4.188516 4.174689 4.174689 
4.534276 4.550323 4.534276 4.534276 
4.189751 4.207451 4.189751 4.189751 
3.268855 3.288006 3.268855 3.268855 
1.932313 1.952838 1.932313 1.932313 
0.243249 0.265114 0.243249 0.243249 
1.631265 1.608056 1.631265 1.631265 
3.521474 3.497001 3.521474 3.521474 
5.304063 5.278560 5.304063 5.304063 
6.728385 6.702271 6.728385 6.728385 
7.669575 7.643632 7.669575 7.669575 
7.990980 7.966334 7.990980 7.990980 
7.622480 7.600583 7.622480 7.622480 
6.540674 6.523158 6.540674 6.540674 
4.819660 4.807995 4.819660 4.819660 
2.653813 2.648833 2.653813 2.653813 
0.259513 0.261183 0.259513 0.259513 
2.040846 2.033395 2.040846 2.040846 
3.969781 3.957949 3.969781 3.969781 
5.264327 5.249534 5.264327 5.264327 
5.787440 5.770765 5.787440 5.787440 
5.571573 5.553568 5.571573 5.571573 
4.729456 4.710347 4.729456 4.729456 
3.419901 3.399719 3.419901 3.419901 
1.760624 1.739367 1.760624 1.760624 
0.104628 0.126965 0.104628 0.104628 
2.034299 2.057630 2.034299 2.034299 
3.837456 3.861571 3.837456 3.837456 
5.337356 5.361810 5.337356 5.337356 
6.372441 6.396497 6.372441 6.372441 
6.810632 6.833199 6.810632 6.810632 
6.580995 6.600721 6.580995 6.580995 
5.656145 5.671534 5.656145 5.656145 
4.061585 4.071267 4.061585 4.061585 
1.988804 1.992007 1.988804 1.988804 
0.237277 0.240411 0.237277 0.237277 
2.259770 2.268222 2.259770 2.259770 
3.731760 3.744114 3.731760 3.731760 
4.457704 4.472705 4.457704 4.457704 
4.441182 4.458086 4.441182 4.441182 
3.780739 3.799169 3.780739 3.780739 
2.602654 2.622482 2.602654 2.602654 
1.022840 1.044048 1.022840 1.022840 
0.749269 0.726674 0.749269 0.749269 
2.657642 2.633744 2.657642 2.657642 
4.469192 4.444118 4.469192 4.469192 
6.032960 6.007062 6.032960 6.032960 
7.235923 7.209806 7.235923 7.235923 
7.865896 7.840471 7.865896 7.865896 
7.879123 7.855689 7.879123 7.879123 
7.161896 7.141999 7.161896 7.161896 
5.747668 5.732929 5.747668 5.747668 
3.787323 3.778940 3.787323 3.787323 
1.468913 1.467314 1.468913 1.468913 
0.915190 0.910484 0.915190 0.915190 
3.049467 3.039654 3.049467 3.049467 
4.669862 4.656386 4.669862 4.669862 
5.587862 5.572014 5.587862 5.587862 
5.751656 5.734257 5.751656 5.751656 
5.241328 5.222753 5.241328 5.241328 
4.204820 4.185179 4.204820 4.204820 
2.704311 2.683631 2.704311 2.704311 
0.890813 0.869058 0.890813 0.890813 
1.017146 1.039968 1.017146 1.017146 
2.914011 2.937738 2.914011 2.914011 
4.578179 4.602504 4.578179 4.578179 
5.844978 5.869299 5.844978 5.844978 
6.630438 6.653872 6.630438 6.630438 
6.777687 6.799036 6.777687 6.777687 
6.217820 6.235614 6.217820 6.217820 
4.953109 4.965851 4.953109 4.953109 
3.099153 3.105708 3.099153 3.099153 
0.897929 0.897931 0.897929 0.897929 
1.284390 1.290321 1.284390 1.284390 
3.069678 3.080255 3.069678 3.069678 
4.185653 4.199476 4.185653 4.185653 
4.544583 4.560634 4.544583 4.544583 
4.203174 4.220887 4.203174 4.203174 
