275.391 11.826
300.659 12.970
318.970 13.733
325.562 14.114
328.491 14.114
329.590 13.351
327.759 12.970
305.786 12.207
279.419 11.826
240.234 10.681
199.951 8.774
151.611 6.866
102.905 4.578
47.241 3.433
-1.099 1.526
-58.960 -763
-113.159 -2.289
-163.330 -3.815
-209.839 -5.722
-249.390 -6.866
-280.518 -8.774
-305.054 -9.537
-319.702 -9.918
-324.463 -9.155
-324.829 -8.392
-297.729 -8.774
-271.362 -7.629
-229.614 -6.866
-185.669 -4.959
-137.695 -3.052
-90.454 -381
-35.889 381
20.508 1.907
76.904 4.578
132.568 6.485
179.810 8.011
224.121 9.537
261.475 11.063
289.673 12.589
311.646 13.351
323.364 14.114
327.759 14.496
329.590 13.733
329.224 12.970
321.167 12.970
294.067 12.207
261.841 11.063
220.825 9.918
175.049 8.392
127.441 5.722
76.904 4.196
21.973 1.907
-37.720 381
-87.524 -1.144
-138.428 -3.052
-186.768 -4.959
-228.882 -6.485
-263.306 -7.629
-293.335 -8.774
-312.744 -9.537
-322.632 -9.537
-325.928 -8.774
-310.547 -8.392
-284.180 -8.392
-247.192 -7.629
-211.670 -6.104
-163.696 -4.196
-116.089 -1.907
-65.918 -381
-11.353 1.526
47.241 3.433
102.173 5.341
155.273 6.866
202.881 8.774
243.896 10.300
277.588 11.826
302.124 12.970
317.871 13.351
325.195 14.114
328.857 13.733
329.224 13.351
328.491 12.970
307.251 12.589
280.518 11.826
240.601 11.063
201.050 9.155
154.175 6.866
104.736 4.578
49.805 3.433
-4.761 1.907
-61.157 -763
-110.962 -1.907
-161.499 -4.196
-206.909 -5.722
-247.559 -7.248
-279.419 -8.392
-304.321 -9.155
-319.702 -9.918
-324.463 -9.155
-324.829 -8.392
-299.194 -8.392
-270.264 -7.629
-228.149 -6.866
-187.500 -4.959
-139.160 -3.052
-92.285 -763
-38.086 381
17.578 1.907
75.073 4.959
131.104 6.104
179.443 8.011
223.022 9.537
260.376 11.444
288.940 12.970
312.378 13.351
324.097 14.114
327.759 14.114
329.224 13.733
329.224 12.970
323.364 13.351
295.898 12.207
263.672 11.444
223.022 9.918
176.880 8.011
128.540 6.104
79.102 4.196
22.705 2.289
-35.522 381
-89.355 -1.526
-141.724 -3.052
-186.035 -4.578
-228.516 -6.485
-262.939 -7.248
-291.504 -8.774
-312.012 -9.537
-322.632 -9.918
-326.294 -8.774
-311.279 -8.392
-285.278 -8.392
-248.657 -7.629
-206.177 -5.722
-159.302 -3.815
-116.821 -1.907
-67.749 -381
-13.550 1.526
46.143 3.815
100.342 5.722
152.710 6.866
200.317 8.774
242.432 10.681
276.855 12.207
301.758 13.351
319.336 13.733
325.928 14.114
329.224 14.114
329.590 13.351
328.491 12.970
309.082 12.970
281.982 11.826
242.432 11.063
201.416 9.537
153.809 6.866
104.736 4.959
52.368 3.815
-3.296 1.907
-59.326 -381
-113.525 -2.289
-163.696 -3.815
-208.740 -5.722
-246.094 -6.866
-277.954 -8.392
-303.223 -9.155
-318.970 -9.918
-324.097 -9.155
-325.195 -8.392
-299.194 -8.392
-271.362 -7.629
-229.614 -6.866
-185.303 -4.959
-138.062 -2.670
-89.722 -763
-39.917 381
15.381 1.907
72.510 4.578
128.540 6.485
178.345 8.392
223.022 9.537
260.010 11.444
288.574 12.970
311.646 13.351
323.364 14.114
327.759 14.496
329.224 13.733
329.224 12.970
319.336 12.970
296.265 12.207
265.869 11.826
225.220 10.300
180.176 8.392
131.836 6.485
81.665 4.578
24.170 2.670
-33.691 763
-86.426 -1.144
-139.526 -3.052
-187.866 -4.959
-230.347 -6.485
-265.503 -7.629
-291.138 -8.774
-311.646 -9.537
-321.899 -9.918
-325.562 -8.774
-312.378 -8.392
-286.011 -8.392
-251.221 -7.248
-208.008 -6.104
-160.400 -4.196
-113.159 -1.907
-62.988 -381
-10.254 1.907
45.776 3.433
100.708 5.341
150.879 6.866
198.486 8.774
240.601 10.300
274.658 11.826
300.293 12.970
318.604 13.351
325.928 14.114
328.491 14.114
329.224 13.351
328.125 12.970
307.617 12.970
280.884 11.444
244.263 11.063
202.515 9.155
154.175 7.248
105.469 4.959
53.833 3.815
-1.099 1.526
-60.059 -381
-113.892 -2.289
-164.063 -4.196
-207.642 -5.722
-247.559 -7.248
-279.053 -8.392
-304.321 -9.155
-318.604 -9.918
-324.463 -9.155
-325.195 -8.392
-299.561 -8.011
-271.729 -7.629
-231.079 -7.248
-187.866 -4.959
-139.893 -3.052
-91.553 0
-36.255 381
18.677 2.289
69.946 4.196
126.343 6.104
176.147 8.011
221.191 9.537
258.911 11.063
287.476 12.589
311.279 13.351
323.730 14.114
327.759 14.114
329.224 13.733
329.224 12.589
321.167 12.970
294.067 12.207
262.939 11.444
226.685 9.918
180.908 8.392
133.667 6.104
83.862 4.196
25.635 2.289
-31.494 381
-85.327 -1.144
-138.062 -3.052
-186.035 -4.959
-228.516 -6.485
-264.771 -7.629
-293.335 -8.774
-313.477 -9.537
-322.266 -9.918
-325.928 -9.155
-313.843 -8.392
-287.109 -8.392
-252.319 -7.248
-209.839 -5.722
-161.499 -4.196
-113.892 -1.907
-64.453 -381
-11.719 1.526
47.241 3.433
104.004 4.959
149.780 6.866
196.289 8.774
238.403 10.300
273.560 11.826